1.1203956006409685 -1.1874250676369222 -0.44696585828530516 0.23168638009042053
-1.0548257130526548 2.2896636554020997 0.1993708145756652 1.6740794433916217
-0.3903208117454367 -0.8397807396057082 2.109082382203578 2.1415916444899485
-0.9933378301556091 -0.14049885520974104 0.16511669560657993 0.8302183952167472
0.8772839815479769 -0.09976027068005107 -0.44277682503061067 0.2604979779880975
-0.09489846465426041 -1.1026153121517164 2.004592356212809 1.9993531718532784
-0.13048956266170011 -0.8150751486009875 0.479628523594604 0.6881161884395334
-0.01876476062436281 0.42462463318471233 -0.41311776961844754 0.4809588246532701
0.15148666672863986 0.36920916672683074 -0.5393380330777334 0.26755795917989933
-1.2882929672458654 0.3695793110940742 0.11561161427369221 1.29719244122021
0.8326319461921134 1.0445828565160153 -0.9581325615553522 0.3256725109539329
-1.0665583700399839 1.16725467641044 0.9378243744593495 1.3564137483638667
0.7336648006560508 -1.6364840366712416 1.7459254913369364 1.98313808485019
-0.9274761104262645 -1.3144795011665245 -0.9987407147007575 1.3402061001169459
1.7642045780885858 -1.4497499849102742 -1.3000549158045032 0.49158746366722994
-1.4470913720429637 -0.43787708358839367 -1.3451766707535708 0.6033045520989399
-0.575525190613771 -1.721673830556103 0.7968290452381266 1.653419395767123
0.6378669484346415 -1.6980933463483472 2.330861132208701 2.4935447973301366
0.730454964382289 -2.73045624039015 -0.8128766934859427 1.6175689653411787
-0.46327850861369635 -0.9405221635767174 1.1028650403131794 1.3405473188514008
-1.1127839617846955 -0.006882764730880421 -0.32634238421830114 1.0249540621754138
-0.6549643597104139 1.2218478439823826 1.157523932158272 1.034921248168895
0.7513824084835214 0.13432775119377677 -1.8957011970338107 0.02656209752223493
-0.03387402515361847 0.6432549409357985 -2.924293892283538 1.3464364739587389
-0.6846287240482541 -0.8888334755611496 0.3624437595173364 1.2076962296971046
2.5172153404136997 -1.1612410301159863 0.8165386284465284 1.6324835030868827
-1.8632100446892181 -0.6584343495359158 -0.39190521991834026 0.8902337078247091
-0.37948646714178186 -0.7172137118811825 0.5203505080464037 0.9146578015582552
0.14595701188989435 0.9909972516503941 0.7307534578154647 0.14980082834916875
-1.3450053384924525 -0.0859578342369475 0.7130323821442142 1.3996515440473576
-0.7698258301315049 -1.3821620055248707 0.3124801510727712 1.4814802570216754
0.01715026353206738 1.7004042013806662 0.8392052961809832 0.4768093490172818
-0.9934170982482254 -1.625734692285883 -0.5803733934449198 1.611230651866567
-0.1465748905261327 -0.9525094951104854 0.06910333023727729 0.7674568309889092
-0.8849766040868383 -1.5122714832547328 0.12367242532261513 1.659063633003523
-0.6912074485655741 -0.09408621502101139 -2.378644402806086 1.2320906613675457
1.050748233275659 -1.314260049138028 0.4115144717985596 0.9242935743704295
-0.10672461597704035 -1.1034152149629675 -0.0397346803520402 0.8719143685567656
-0.08593246053236515 0.8227987778273196 -1.2369451539359329 0.6016498424558969
1.0987923678425662 -1.0035120394185215 -0.10909947648529093 0.322411390882968
0.11530424566891463 -1.1874672252723057 -1.1143302393795165 0.42375094730115714
0.9243122659362204 0.16639422825679115 0.6990036200954276 0.5636539493141901
0.4644903207206585 2.091716639789341 0.34347615550287075 0.5502710915004266
0.8693564472163197 0.8647776574126295 0.7262615328553647 0.07798315880161188
0.9117697659991123 0.30996430498876026 -0.4708177947345058 0.12651095848793292
-0.3677092116006653 0.4638318125320149 -0.6040793263698953 0.7102368541596549
-0.07207348448368125 1.4203474512870469 -0.7657332578589396 1.0614993100902133
-1.13041672211053 -0.2797560783000327 -1.4666724926987362 0.9049708684450978
0.535775457452896 -0.24836116487592239 -0.07509578856238344 0.20444741445414039
0.2186108254164084 -0.04798405266745675 -0.6221004400934056 0.03806719106567591
-0.004356504171423665 -0.1013018356785684 0.48848589730530106 0.8597323288514402
-0.09229022057495598 0.05780571814404959 1.7325402460793278 1.3386743743811926
-0.26969001730269127 -0.9933430168240702 1.6202302699644417 1.6723066341801722
1.372806122101878 -0.12653971352531537 1.1352570388891705 1.1029226282465507
0.20739464675040242 0.7927910535559937 0.807757524277231 0.20486395162742543
0.38878894977165457 0.14494370406592624 0.33593446117116893 0.6160105861921195
1.5368800756645813 -0.41819743038359275 -0.8163206120517805 0.3656962923911744
0.2697157722983833 -0.9210869397556326 0.5113875368127259 0.5241701995005927
0.9026019092503443 1.1368004894463215 -0.3865230454727033 0.5097956205754653
-0.46106696998936514 0.6811625996189253 0.8521481979706091 0.8330140363928003
-0.7486772257512686 -0.6614100645284644 -0.008329748171508776 1.1019643581389282
0.8990193186298149 0.5533449505752225 -0.4164061941491401 0.08020672862672362
0.2933066458442501 -1.3439524793373765 1.022775427959014 1.1821351084797467
-0.23057071675925633 -2.018783003650189 0.8075465671200553 1.730515187292822
-0.4983175823966326 -1.0481960724496644 1.0981290410454576 1.3907590290044527
-0.02763326932548747 -0.6078023605155592 -0.47779197783948285 0.37538366261972245
0.024419855283990644 -0.7554330316279765 1.1045552351695822 1.052341298641656
-0.9743378978848836 -0.08808097992877892 0.21701773545814287 0.9058933535463853
-0.3507586856964149 -0.7925551787878053 0.8826523878745126 1.0822159956832353
1.2652554947608636 -2.067416980292498 -0.8294474667430844 0.9447626580445629
-1.6814289683952055 1.6980628780259133 0.44574720125342804 1.9953445151749871
1.3522990307737852 -1.2535245052990907 0.6978956880357748 1.1488868212711283
2.0132233140963263 0.11121391839988917 0.29653017549538907 0.7598289670683236
-0.14987873384241981 -0.5285813866224559 0.675297199192251 0.8008614146337856
1.652268396693632 1.517354826071191 -2.0121029101628705 1.0812538754927592
-1.2383847595909516 -0.8231053141240393 -0.8713939207143058 1.0199151456949642
-0.7704557710018737 0.3476520728026301 -0.2108836846065346 1.166356777171104
0.47024750460801246 0.6636239443625287 1.9232881226169727 1.0226577737475224
1.2355738874176778 0.7423992255830378 0.1401697813020246 0.337045294950551
-1.0999997286897947 -0.24238176385232404 -1.3180467337309434 0.9098832143738413
-0.7387533241122854 0.6512057223691577 1.5258623895966605 1.35463582639799
-0.5756505430384147 -0.6795932589294575 -1.3527772346758575 0.7842631953969081
-0.07310357278427629 -0.19529392955594374 -1.0056846754891144 0.1983152542158202
2.3844171765817217 1.4242119146040468 -0.7515196882034353 1.1670109202512562
0.3145964085167023 -0.513354999302463 0.8397486379724137 0.7537641178990174
3.0199712467416 0.08851299856822974 1.2173895637228387 2.0883532221586094
-0.7272465017395361 -0.5883984599606473 -1.403544456823829 0.9153987408265574
1.434539424221204 -0.7923116779041148 -0.8599432383980289 0.21761678983510613
-0.2019924818905963 -1.0587467341059231 -1.6607398547666348 0.685569105815937
0.1628719899434169 0.4071148933092291 0.39018751543581176 0.4730140940015821
-1.5241222851988885 -0.8905712698779781 -0.5663390455046173 1.017130990541838
0.2201563470029005 1.0139888019609495 0.3300622485952609 0.09101356455000964
0.11474834810685472 1.5687911753128625 1.2034114527797637 0.5244786053952
-1.3037901593371988 0.11848612357287633 -1.2107997735938802 0.7727319042718408
1.9308147103556579 -0.35487223525114264 -1.7841953948380904 0.16026729625756309
-0.889486631291733 0.5952950135410993 1.0778381987373185 1.3096344102123307
-0.9529090171902195 -0.3934797608889978 -0.09519542487324366 0.788818349139139
0.5250112244488313 1.060609546354824 0.5905174971522286 0.25493728221179757
-0.3468883976722426 -0.10521600591949852 -0.3984224368910182 0.6339485450467834
2.459991836394869 -0.2703137085053316 -1.0915618695432672 0.43929672769305506
-1.03623683117417 0.5138237031824852 -0.39603808566588194 1.3834550844750184
-0.3956797842770035 0.30191534014645827 -0.014636825417880897 0.9412256932809171
-0.5974044948406988 -1.2263349003872996 -0.6655997301809389 1.0555285396688132
1.2006199399336044 -0.2696400886857146 0.3398652668449889 0.4936528440218255
-0.6555910249838617 -0.6151342569724007 -0.2770911357095396 1.0060847781299151
0.46331513106764277 -0.08751725248099146 -1.5963969811986967 0.1548340622473512
0.9106374199047275 -0.3134292456965396 0.6499010291137732 0.8073445491707665
-1.629187525218445 -0.5420645165003648 1.18923926100995 1.9548355810546445
-0.2160021413916628 0.21983981803601838 0.7468567495402122 0.8630773472144264
2.092053136430535 -1.0839133407017185 0.1463455470015322 0.884041070995438
-1.2784197122185599 -0.4143786825908027 -0.6386980353786406 0.941037058170119
0.22123090716007363 -1.2590102188820618 0.3397651508495037 0.7853424146658033
0.49756585263933406 -0.3930019278999269 1.5533954090408084 1.3954681742976527
1.5595425769984539 0.07963472459358135 -2.214475034467093 0.3008315931654457
-0.3977558032814668 0.8047750551585413 -1.4321017052864589 0.861892121383175
-0.47689176630327923 0.7408820955129644 -0.7481869479635664 0.8956729814363273
0.4237402422621245 1.7392050604337386 -1.1703247153054872 1.0966888150761689
1.8725840608426148 -1.9169193944830858 -0.879529399270953 0.9553464631347022
-0.631644242601547 1.1808841727188382 -1.8769715122179993 1.377892073327425
1.3542802371351015 0.06880512271914346 1.526612071274062 1.1439950707171787
1.2937532981249633 0.507733048509453 1.5653305914113764 0.8887255435845274
0.3530248405020614 0.2860798471011254 -0.7174920830719904 0.002670109407506782
0.5645202774994901 -0.016345004747190774 -0.33768793828534327 0.018754550800888614
-0.29450362692559967 0.02497131182661771 -0.01030082566892032 0.8099845569920947
-1.6915541615823533 0.03616672287825715 1.5154122046800214 2.2799509539772354
-1.5342820459264863 2.3837410947528594 -1.1809025169507843 2.5777481348869293
-0.4407302560650888 0.34559800523920337 -0.00712518153017767 0.9924558206521465
-0.2808784778504306 0.4113586275284874 0.31502291648210423 0.7936195995705362
-1.203103790810379 1.919605125914191 0.6312581263345671 1.6052662621598974
1.2077334197128422 -0.03184900902104032 -0.9706362752524874 0.6993883012797131
0.9978078479632739 -1.2095650821681656 -2.029155696722155 0.42492050519679214
-0.3251492044728688 -0.4629111689207228 -0.6567277706307374 0.5376056677205421
-0.4288664344156481 -0.40381088037497703 1.3055778988919886 1.467984837578465
-2.1601111959943493 0.14565434279274514 -0.7462284891412907 0.5278165453368258
-1.7984127479773777 0.5177222906299703 -0.3030436471799469 1.1383802431477141
0.8491208612796122 -0.10397050861283835 1.7663401499797915 1.2987740114941668
1.175410178318206 0.652161626695915 -1.04174462612862 0.08909153655029378
-0.13020750877445808 -0.4369932675870507 -1.1221078339468324 0.27495372558199493
0.06783822083874338 -0.12182364561889368 1.9379674354401084 1.5305310580476723
-0.5940283633820441 1.2909681613087771 0.12066428880178776 0.9192141739146604
-1.4549506874306002 -0.1866214878025643 0.044605346493743626 1.0122218273774763
-1.2766214051880513 0.5032805376370649 0.03561629836011305 1.4115933301415804
-0.571123735396369 1.0361046639696667 0.04640640709810092 0.9190790942789087
-0.05781393298806708 1.2804236100010158 -0.5511432602278583 0.8928352961478287
-1.370988352935733 -0.6036309484149822 -0.18938311166899227 1.0945553501836356
1.4367157499763068 1.471474231836947 -1.1001698888530338 0.7615181606152062
1.6979083978029201 0.9766902222793721 0.6941824110982269 0.575960389560426
0.1623318253621007 -1.3196032203070425 -1.4961975990220813 0.5455288938458174
-0.8953394517125137 -0.5605117115320606 0.47705414248620115 1.1894287076979677
1.0173844027191672 -1.8543790317955617 0.539243675706684 1.3761330429028915
-0.09912820634158917 -0.34978960654280256 -0.2105130787557428 0.5257894169454398
0.46093631861181306 1.3615986632303885 0.43887844207335436 0.10827034577459105
1.2580157331689663 0.5571067137046302 0.40346556240119347 0.3746909128136272
-0.9358958262173225 0.9504635251337517 0.9013432682652641 1.2317377821518904
-0.0232659356341612 0.674895555808719 0.7161566280950433 0.4249317452753726
-1.6494677652041716 0.14706020621113874 -0.02037365446774675 1.257617712655552
1.015326116814964 -0.927988887008258 0.5160151103581981 0.819544668046359
-0.34484893447911874 1.4924637136217536 -1.0210933063280945 1.2590037732393424
-1.5879032236916883 0.07546925279666829 -0.2333422226799505 1.0735166909002136
-1.9090773247853108 0.5414641348108489 0.22156507951138596 1.5674814090136242
-0.8029466109345811 -0.3018477538424488 0.7900350258651815 1.4405806936804775
0.23126735120835093 -0.6788315946064787 -0.529153043735954 0.17085374380477036
-0.48226994425002584 -1.408794013714265 -0.4164781392220334 1.132124677557204
0.3687862763555341 0.7145417450906911 0.6638874284567293 0.10142389248500006
-0.480604101533821 0.24394154530637546 1.1297725417393252 1.1409764942761456
0.6467520495606446 0.27728827092920094 0.5257734719983572 0.41727823334991065
-1.1175088512258078 -0.439767167805837 -0.5463641047949085 1.1271167152991983
1.5574516108202878 -0.3777426510355951 -1.1066834588863106 0.4337646965546281
0.32578245808546336 -0.4801370247047052 0.9180549946834818 0.8382964964948337
1.547648804798128 -0.03768045820311077 0.7559577851286075 0.9694285599322581
-0.1847283986479441 -0.9420875970094217 -0.15379453092172357 0.7867189150593619
-0.4113968471637649 0.3118929053085639 -1.5414010139009051 0.6809312499795455
0.45384491996975246 -1.0273987839415908 1.334630209778564 1.297885185221747
1.3580396820132659 -0.6136125747628739 -0.47705176882852246 0.1528845228102601
0.24641494871868197 -1.5643795126462572 0.47623702257415323 1.1032033893726514
-1.7486703228449403 -0.6074278544722346 0.6018616706711266 1.5817955559777808
0.19591489650179034 -0.15190599096308677 0.01188020615201435 0.4635117717814061
-1.3061612084648335 0.6503104431795202 -0.6627002503452242 1.2193525692687295
-0.16533738116722702 -0.7031043326371323 0.08367404605869076 0.7045524958775053
1.338112522097122 -0.02623011638602411 1.1633324585885696 1.0179725938258792
-0.27062377498635753 0.7701833071105669 0.7494625655302867 0.6061335865362774
-0.9386885001714133 -0.5231587126125946 -0.5084173029780463 1.169194925147692
0.659608953738965 0.8519733175496129 -0.7575501790875128 0.2303738958472481
0.8272332368836707 -1.3632329252595048 1.2507171563748218 1.477080742446781
-0.9527921943848984 1.7610653050411518 -0.07312745279639708 1.4196379921881688
-0.9849449194835896 0.3546529601964667 -0.06618119814559313 1.2395232326693928
-0.6311155401800262 0.5126917636119965 0.4007779206779865 1.0277219299975064
-1.7197299151895298 0.77938572733855 -1.0140631459103326 1.003619962416997
1.5264397388083981 -0.8394009384323192 1.0636874905553095 1.3477804874298334
0.2590136729241069 0.5549733581746702 2.1253723342248985 1.2881259056582275
0.751603583168425 -0.1850144092356341 0.9948957684040416 0.9515031973630712
-0.032999943979528844 -0.055878695089596246 -0.6425076135561708 0.25313304301453066
0.5100086943257378 -0.6269257935463302 -0.27650246584194027 0.1312694636587921
0.6694838825614036 -0.09845594031461082 0.6114015000710931 0.7930666573476775
0.9851195256643558 -2.1562436997755468 0.3771025754482937 1.4995522594382356
1.3970301758580361 -1.5454160548514082 1.3994577493429545 1.903373617413757
1.5267726010670917 0.7457076863837344 -1.5693706498685884 0.20138504806885482
-0.28205839659103554 0.21754626780822386 -1.4441807377246323 0.5088329916095029
0.1299377361647073 1.0180250209501691 -0.42556792878487365 0.6858540762947964
0.986408073828576 -0.2632360254516613 -1.3975407841150218 0.6316828038472658
-0.364324843573677 1.3218899262284398 -0.0566256715253264 0.7861909973596783
1.4182559939714532 -1.4707314459706593 -1.8096205159206429 0.5461498825216349
0.15379926095850877 0.5170170644008224 -0.6230295477131303 0.30789790685088425
-0.6842963858382084 1.2687390561888752 -0.2700331097756307 1.1619237511732108
0.8524743179162576 -1.2476414133215648 -1.466643755587565 0.18096863618184345
-2.612813886399809 -0.6384569255047678 0.8159774744838214 2.0695730566277075
-0.515783058292151 1.0033710682554888 0.6276302752432703 0.7736558925025185
0.25816078741697623 1.427825239530336 0.803207253271902 0.13241196644017128
0.28342365260775104 0.7164960715284664 0.2706175351105345 0.20642384344042186
1.7039216067933414 0.6396378001233681 0.18023113038936023 0.7040210263481808
-0.5382044874921708 -2.5597991860111535 0.1692468905307196 2.1734967646864165
-0.2532865057027435 1.4348133117560034 0.143176205834971 0.624957460724892
-0.8740986849236378 1.3060492189088506 -0.9511222262144934 1.5153866311610986
0.2997509086121926 -0.5955167506320104 0.46971729269428647 0.37663208059644754
0.8836921561894998 -0.3362280471767749 1.2869576033190795 1.213137663998941
0.1500042855921262 0.2920228043384967 -0.6555269276241678 0.18450640091089632
0.083922845116747 0.984012790900698 1.0811752583488077 0.37704938916828334
-0.054404153925338414 -1.0320208452948343 -1.5902313022756547 0.5336686747765456
0.15314421996755226 0.15208854480389372 0.3996844930355631 0.6900406461799162
0.6855872976280998 1.426758815473636 -1.1225832159810258 0.7229286134544408
0.903448748710605 -0.8516806855924547 -0.19066975858905819 0.17772719028264716
0.8171200080769818 0.4889027122429293 -0.15358755526255563 0.24577226580604794
-0.0007759170519500979 -0.29517471706590614 0.7371556429643793 0.8430907672030504
1.2675289841353274 0.8782185477530609 0.6728626173771575 0.1916867772073576
1.7721298329087176 -0.49476980251868 -0.9304004097567151 0.17319525782706602
0.12290030708050417 0.47410969857001034 -0.42571730638503047 0.39389457540727757
2.616652720116892 0.23848004454535165 0.9352252181042795 1.6396594842034393
1.5805754863133938 0.9726361253397059 0.3539301203624093 0.47204891757109746
1.132488269313763 -0.6974127747083544 0.9200115683470191 1.1274632801650724
0.3968789182771188 1.0610518137596088 -0.4817453896373016 0.6075623297655286
-0.5859129619615236 1.0060398666727983 1.0929851445091414 0.95026625147548
-0.4148915019255919 -0.32217250706113437 -1.2666901356582025 0.5510187938672184
1.2733920381299222 2.0001535396886325 1.1578654992513349 0.750457976223653
-0.7026928740504365 0.9801729275992586 -0.6711398545514725 1.223584057911691
-0.2531285551467885 -0.8040362346247066 -0.1959937115798669 0.761575338953949
-0.043885838613826736 0.1585977755752946 -0.14117925703636258 0.5621629702719553
1.7058568334353033 -0.08865090955290876 -0.4877184970327567 0.0641602797776869
0.207774068611454 -1.3850080432900869 0.23359693939914894 0.9118919880917622
-1.314163925840211 -1.9617197812168006 0.37177004789816925 2.264756545450877
-1.3187190663385124 -0.9465977533539467 1.0185775324781035 1.8570396979335084
1.848275981708198 0.7151113368236148 -0.03147177530036747 0.6549352469263352
-2.159706894140353 0.15382205507010335 1.7396871491741965 2.7109098176043895
0.25301471321330554 0.02699231476146262 1.2064603992044227 0.9186668640978841
0.8859512848601326 -1.1209848175135857 0.5879907577010427 0.9729379913646892
-0.14182364569451542 0.13978019168284625 0.33628196548536454 0.8748518450232692
-0.5419477794742908 -0.45830451935785627 2.302456152266195 2.2278288147156857
-0.09898468571231958 0.29380945087191096 -1.1252807911724336 0.3211927493820679
-0.15295409619867584 -0.6828730947846684 0.20321083231563714 0.6567879453858307
1.6161653547806991 -0.20008014665978088 -0.7196080801580872 0.2882906256621366
1.124627842021913 1.2934382693780668 0.5780174200290793 0.00585652387500013
1.631517402342037 -1.2908589207334689 0.2782798085625764 0.8911640516294539
0.24670262261812392 1.5559945224513239 1.995376705457573 1.1203643114983743
-0.7608593038186277 0.32743064174047587 0.19279675916929132 1.2582735354225012
0.5843628024272183 1.1629032730238031 -0.4808420559228182 0.5880162366661468
-0.6089843538017632 -1.94631639356053 -1.3715115895825243 1.4881596669218304
-1.1893876386542375 0.04915756791531239 -0.6892578342263643 1.0029059494519554
-1.5190545367853932 -0.7994650791537119 0.416535231641462 1.4206102079162601
-0.9038633877664947 0.7270586551994024 -0.8404817061840528 1.2476090718938064
-1.7763937212315455 -1.3857089124322661 0.4233411547382504 1.9640327906501938
-2.059508877180257 0.7649963265392893 -0.15143081705740616 1.3785853188205845
0.2938998030114775 0.6371736750166086 0.026191301955936896 0.3823105976524479
0.44815086480673605 0.06062631615739324 -0.13062672482881407 0.22910690693165625
0.08083303171216233 -0.9619695402840335 -0.5762682769158176 0.4031738166094059
2.757524180123023 1.553339313223411 -0.6574319265595897 1.5218929995625692
-0.2777889104692528 1.6837761726652425 0.6783144305136538 0.6732222114808897
-0.6806283942051407 -0.10385033782729226 1.5348800620304186 1.6529823575481324
1.1120233409950229 -0.45484361742513596 -0.2519331652430839 0.06734753250266878
-1.1335202464934284 -0.6942915736481623 1.0635683630250834 1.755628989539962
0.8266216533977723 -0.37795187261735347 0.08229200353092996 0.2668760624994737
-0.9240051137749117 -0.8687492209934139 -0.6902807869194949 1.1931683722126112
0.47337017638019 -0.2654450977757322 -0.925994203586549 0.32458342547286523
0.2366570867847431 -0.9155004191518767 -1.1052602958282556 0.14872913762812057
2.3760318875572692 -0.9116895061591541 -0.9298954879971711 0.5439679061408711
-2.1700317652687287 0.2486544921057016 -0.9510349338313543 0.467354832183534
-0.027893645772085057 -0.8269043621446783 0.9692775108857221 0.960467227148312
0.863808027778111 0.4414227259053239 -1.857371959629466 0.06675973049096995
0.38768078574178705 0.10021785616873628 1.465367534541053 0.9716467566948668
0.027478735758584547 0.630063295306682 0.9738298881581711 0.4939702078845316
-0.784230688372463 0.42258763988286036 -0.32770535230768627 1.1534357827441128
0.2864112463222659 -0.29627081604197203 0.37787461318369675 0.5629012852726438
-0.4027255642574667 -0.05274941592004917 -2.1575917911111837 0.8722173939608826
-1.0775618550428518 0.17276306330880553 -1.0470407587612067 1.0184795508758415
-1.1436033254705131 1.0626765063977568 -0.7867076119138859 1.5716348410894487
-0.4569580637726987 1.059582460373227 -0.061787879492643055 0.8592335588364446
0.4021611387997001 0.17493546618471686 0.7270257673156338 0.5770866112442194
0.40697664983687204 -0.8723433684617777 0.16190995283426615 0.4427038262539722
0.3607590969016473 1.1081207268898008 -0.38701490400596134 0.5468256323903383
0.9751591150646575 0.2936694640067127 -3.5495136697373186 1.5535365813649828
-0.9403823882734226 -0.21328204686990282 2.0087457210948725 2.128561166031748
0.5429924884390344 0.2985672905673131 0.455319038137486 0.4133090857057933
-0.9469175491490914 1.4583990583528657 0.6739123188278862 1.2292210897362534
1.344913109780071 -0.5769592111041312 0.8776366813973753 1.077941276129397
0.963497147183713 -0.7867962875950416 0.908689214139928 1.0887862616958044
1.2268969363219553 -0.9337327083268928 0.42076571860985995 0.7418460000977025
1.2227328634788448 0.07048681781127655 0.3014870795081003 0.48199986783613435
0.583402192172733 -1.0933401319028364 -1.128081288717484 0.06725662339309779
0.23630748739379165 0.9634056303690233 -0.47355446871091017 0.6126152698242
-1.9177480479693683 0.475365201621162 0.2849076745766545 1.5941557532682324
-1.3067018643114157 0.1578769341349848 -1.3613291921048114 0.7951596114110617
-1.214867494857286 -1.141516914018983 0.7781349213067004 1.784283381034701
1.5285011678397422 -1.1079102117209503 -0.27767294516044544 0.354034911036752
0.21717390439262535 -0.5541303187487162 1.682602469382712 1.5837766430414681
-1.5597702475229116 0.12666511200449 0.8289908886520484 1.6560473708819925
-0.8971548168408114 -0.001955794693132221 -0.09001264782316776 0.9316792343241144
-0.14465855927818058 -0.1643327300029009 -0.2156376326191447 0.5522844201771919
0.5894215038601829 -0.7063583284521221 -1.910333369931706 0.12189216610447473
1.5464619201323178 0.6284036597911669 -1.343557219812577 0.03657282620705127
-0.11596028363988678 -1.0616654031718076 -1.2891611781625991 0.5289977109486823
-1.6770095621616874 -0.2162768653899908 -0.9133848676202758 0.4390500591014015
-0.9767064350612445 -0.41083100996831023 -1.4161390605119748 1.059862109700818
0.057510726801098956 -0.636975751792882 -0.1853446618288557 0.4813382353754556
-1.1658356723370231 -0.36749456601418773 0.8007611263982216 1.4228662766330133
1.9579624741716486 -0.36869169056120366 0.2650574515579137 0.6829043216038937
1.7369105626046184 3.2004384593051376 1.1341522614290132 1.9302517954520264
-0.22463758852655713 -1.0371459089680337 -0.7880091000327872 0.6229493342208017
-0.652119427911723 0.2592982933409075 -0.6760017160044414 0.8830741615169451
-0.2610528518205803 -1.3528136492532807 0.4830298211227929 1.09904128480946
-1.06667803654358 1.696281491418827 -0.23149457201659823 1.5576987717619641
1.0910415422080877 0.09902583687597494 1.2251363583025034 0.8543739666618995
0.8854970107349535 -0.4706644347799434 -0.9084453818225641 0.5723961288690397
-0.4256211036254411 1.2160161223046624 -1.1218336613312543 1.111587104105564
1.7910876410710566 -0.4158843207612579 -0.24809073940054466 0.18252224155748986
0.2894289837035602 -0.03936380305246995 -1.0348111159665005 0.14889917127044605
1.6628875380676276 -0.7280284583098897 -0.7403854526237366 0.08221294156179038
-1.963473371420692 -1.3461999810635956 0.853373349216882 2.249405137638703
-0.9905207991972079 -0.4035927968940019 0.06002134741744949 0.7659184284756066
-0.4485599589381082 0.7675718145131427 0.23643428101934266 0.7958212779954017
-0.968518347724443 1.16179729330078 -0.4929754893843881 1.5157861971611497
0.7236409470836842 -0.7392015622503341 0.6851409448997782 0.7575274556616964
-1.3482709446307968 2.0253605737813167 0.14682127791923497 1.8146657231377332
1.206444374699002 -0.16958707142775586 0.1947779106901762 0.34855753739745166
-0.9748426975402014 0.18329899736008462 -0.8613729932818281 1.145480601682517
-0.26450758621174714 0.26521922446142443 1.5036191916956192 1.1639079581559726
-0.5348327389265718 -1.062537853922945 0.09914032341377613 1.137985226559643
-1.0219320466003223 -0.656373801226758 -1.0378237134774801 1.085988153779004
1.2564551193733482 0.7436077782549068 -0.03259851010991768 0.4517065902670191
0.3322241365745781 1.746859046781193 1.6990280317952322 0.8996791476054633
-0.32999049392570734 0.7538503279042132 -0.8136002548660526 0.769417011871113
0.6045899157860547 1.423381566706837 0.5240522678811065 0.15178963692187974
-1.0823684080657505 -0.16001466853897434 -0.44791795597211487 1.061960570051322
-0.3039573727322586 0.8915022614609105 -0.20810246228588988 0.8309350182733175
-1.8047751209877323 0.008650921333368262 -0.1587676213369213 1.050734504481783
1.6736760522971237 -0.3722724954508263 -0.02874820617302069 0.28736179929634353
-0.7314321472757778 0.2567174081508166 0.9840866677453203 1.286213851885807
1.0426569600165319 1.9252144931652542 -1.3480402792583777 1.1909411897779927
3.0240142642635184 1.5507773371068263 0.1317381490771956 1.9459641846865268
0.2626856461588902 0.35800362374217004 -0.5321004658624707 0.18385573005541533
-0.7001516308687814 -0.6748214473031914 -1.479298885685296 0.9233782827376011
1.1226512950579635 -1.6132974399848237 0.3048194912107033 1.039885399354596
0.38513101217326723 0.9423036139484176 0.37846403615811325 0.04134609495319119
-0.29971323510712267 1.2586490977548837 0.5820930120211674 0.5545651831037284
-0.8508731840634591 1.7361156133115896 0.8821400304198453 1.24152233484722
1.0571462841534194 -0.4450079177039694 3.1742831729937673 2.638849300752761
0.989450632672516 0.1380347735583314 -2.0392841989590007 0.05459390431647182
1.2956178212718428 0.3809567788688817 0.5657782055756205 0.5194592577656141
-0.9915738388191017 -0.004869935629364674 0.22248521241699615 0.962771733194065
-0.905051879767812 -0.6480821369645644 0.52224532148206 1.2698460446870539
-0.0950465821306647 -0.4857299735492781 0.3543522646600009 0.6332447661771061
3.2895344676367815 0.14663250659227137 0.6947887284535514 1.9215710865054068
1.1802820755881047 -1.1856969460819846 -0.5823595346757082 0.16569206471969844
0.943770129415473 -0.23315675594510477 -0.8706373240274307 0.6884421084200849
1.8748683184007275 0.23593322476864992 1.1834715995365226 1.1665917391663885
-1.22738883065564 -1.6934928642245584 1.897004429470917 2.6353165706453945
-0.7255772032012324 -0.5331988452693738 -0.28496202873368875 1.0497442808477373
0.21403863109878282 1.4193294736153528 -2.050900385389069 1.1165346875460573
0.729670237053945 0.30745389854652805 -1.8732313799975189 0.03884705629016072
-0.16419654012297694 0.6761265334773686 -0.1563058422626074 0.7578514377186658
0.2069958812989129 1.0961333238263675 3.013655275945059 2.063217681348628
2.630627131328343 1.300324837644234 0.08900632956874727 1.5173729330204624
0.4302698243273349 0.28252975270294806 0.684222681883585 0.4605525711048112
2.041003760880638 0.93490993723977 1.295011966698003 1.1018465701886038
0.999442062974259 -1.6657763720658227 -0.12275496741678914 0.8100274086432362
0.404100753997261 -0.5301735698107992 1.7009316041548257 1.601786511777737
0.971572502597375 -0.15117089107659556 -0.7820709099037363 0.6162598987439486
-0.38478023566110453 -0.5995344615682972 -0.7430956908838436 0.6007166442715977
0.17845651994044726 0.19477110723337285 2.205569119753148 1.5274182972754415
0.47994505416079547 1.1224394641062416 0.07551089986910105 0.07284673225493699
-0.1899856250579862 -1.3205281242499673 1.1974081878648228 1.4103824765440327
0.38929157567635314 -0.6926640284779173 -0.20058505326809262 0.2787771352022659
-1.133260410177117 -0.5566056082163778 -0.9807224394951539 0.9611799397846951
-0.743112910939958 1.1258800529883546 -0.12147813560762036 1.1395785848754794
0.522875134526405 0.2936797763755307 2.708122404901922 1.8762836594122094
0.7814125694769737 -0.8690937546054858 0.3790107915616552 0.6953912317252604
-0.5258968668947867 0.5141955940806977 0.9390775109618895 0.9791679441173431
-1.2047177749837479 2.0592051270798146 -0.7968191242446551 2.054972479587456
0.8719568153418331 -0.09730140593169473 -1.1375742766403938 0.7213756672578656
1.9914527494188192 -0.3355461047608678 -0.22200453015668462 0.3258161068707526
-0.9837413685224894 0.8919393653077942 -1.429957276441314 1.4015765546621373
0.7118019486706013 -0.08598537503955492 -1.2306253719656388 0.5492942859966455
-0.12229888590786293 -1.0604136111123483 -1.6296843169071862 0.6143663099846794
-1.5508888099537497 0.31033339276558564 -0.31414715020905015 1.106619113336435
-0.32484056953794 1.3002243365664974 -0.39396496161006234 0.95069998259863
-0.2198015923288539 -1.0858285544393516 -0.8988480185667115 0.6277315181244871
-2.008648959112771 0.03212074326446167 -0.23709362776017268 0.9460819299722248
0.9601758118827766 -0.6952358258177559 -0.0410007423150216 0.2206476460819098
1.5141058981609241 1.1849043651176716 0.2918238560583497 0.4092887071449157
-1.9460264531339786 -0.3186601127604849 -0.35257988799425194 0.8129654295036874
0.26228233767379205 0.8825506945898456 -1.38328897525183 0.4323736787471615
1.4878000425280364 0.11273858305731878 -0.17444274853491953 0.10893634607549196
0.10959917071203708 1.4907345440040356 0.05119103363147677 0.3965142139490744
1.2317749678365353 -0.05793176950027112 2.640156752024915 2.0197065464590267
-0.06214039066971569 -0.33862569692073086 0.5184944092918612 0.7304415310829652
1.464199249121034 0.11043094470648263 0.1359969870734662 0.38029119551579527
-0.2000655375012311 0.21674994344683074 1.007356118978663 0.9180625608375872
-1.8876669929440202 -0.41536788165126376 -0.39629489070087714 0.7981454606266363
-0.5002108055573011 -0.07395300240951036 0.7050048548586029 1.263995249120597
-0.7909865999184998 0.7837608017849569 0.9570943567026332 1.1342446775043085
-0.07645910391600928 -1.5763243019184048 0.34045106483737264 1.174630438928112
-0.39391564456417416 -0.6794299473505221 -0.21622895426133912 0.8252786780608994
-0.3708358604846025 -0.45361582427643354 -0.2240474995889937 0.7546485319766909
-0.20662465686975384 1.5288156662110155 0.6816703128346605 0.5423244533822863
-0.9840787330068321 -0.44530909839496313 -0.1442514985094079 0.8383775783665185
-1.225816136818729 -1.6385573649787317 -0.8479501032357433 1.6191887290090865
-0.5106927152309482 0.3397608615267073 -0.05851889545949139 1.0182375375159192
-0.26104973897269346 -1.4151847145443712 1.026736183762142 1.3809645074943757
-0.4614126196606901 -2.2441115395264424 0.30282044673367037 1.9410932092431175
1.8351406037354594 1.0730212581261265 -2.23467491756875 0.9205617299101994
0.02341153271775449 -0.9073641281581671 -0.5122417350615384 0.44241740132775553
1.1120602804590078 0.5415682867576864 2.219253112076448 1.372881638270703
0.2794272848550721 0.4482531896522062 0.07729408643882309 0.48822664278346717
0.9152321415832623 -0.5106423110659255 0.3696481582374911 0.5565409782157769
-0.6863684745806029 1.9243684822986444 -0.03293735866470055 1.2434468379885073
-0.197982609263682 0.39438105301864584 -0.9686837171386202 0.4581040217968855
-0.6276135962176657 -0.39029501496459884 0.4657437803488431 1.1784880102142576
-0.8283542087510443 0.3532358172301705 0.8139647623044401 1.2879090563540148
-0.16254646137593498 -0.8323206572660582 2.231229194738125 2.1890860294594896
0.3388856985987933 0.9087275011312079 1.4333875544917536 0.5321310999144501
0.1575087048259404 -0.41324196282589304 -0.25229484490785425 0.31232221679736116
0.7864282009972401 0.22739563626984496 0.2529011673723399 0.49422861317675837
0.8649760546919006 2.1870883357645874 0.1262496051000793 0.6912451734963545
-0.12606440399386815 -0.1405906495314266 0.47662493449806914 0.8920150293748923
1.0665349718340313 0.613321958123446 -0.6244424324424976 0.008840662567953794
1.1053735250186751 -0.19767186983782933 -1.78918458215439 0.2572727603045061
0.899987147255897 -1.4867959196457372 -0.6661817850678137 0.4162860232709944
0.9724306945200152 1.5766055598977404 -0.26188970725717686 0.5122500853387673
1.1398606889813305 1.479029890835716 -0.6328475019928251 0.7939807049153758
1.3871856851504714 1.0854079195442783 -1.047746815639156 0.3751018383804703
-0.7236493182410947 -1.1222037253135264 0.6361389977397754 1.3675511842690193
0.251937296835579 0.4780852081239134 1.25282801476867 0.6150509283138847
1.8441377359838262 1.5768448302484297 -1.2761029135119846 0.9962767397174599
0.8764357820828081 -0.39315984013071814 0.23016773958910855 0.4045890553740952
1.0470949294181862 -1.351886999382418 -1.0293201523170434 0.20254316238236614
0.443467459198785 -0.7236125743114576 -0.7099486574722998 0.04616323623893237
0.8262342182980721 -1.439106245283378 0.15158120908975287 0.8248094379107336
-0.34158102706983484 -0.04441778626589558 -0.6892878923778231 0.5290613564100475
-1.22096796966674 0.9866045217314522 -2.3273311661210396 1.760290816291053
-0.4861909222907496 -0.22455800470413287 0.09880875539715557 1.0137762745467604
-0.1471910101747755 -0.14015556714463495 0.7722923377110058 1.031769502907674
1.2704603188629877 -0.9962037911526501 -1.0922275081794508 0.13097962611656755
-0.9292817010865804 -1.463506009292077 0.37635095272187746 1.6618553525089088
1.4507306611265534 0.5007348389081605 2.371359589713557 1.6239137157374952
-0.295485625394613 0.8785093838216149 1.4455522823746352 0.9131577837038456
-1.1814153135165046 -1.1741318637839908 -0.9674428182754908 1.2587484521004058
1.2460177194555884 1.3062219482246813 2.9280940124382604 1.9972302254413814
-0.8526380096081144 -1.962312640635001 -1.6220683170887968 1.7107258401621481
-0.1669355954044092 0.8252286512100224 -0.3555996306138271 0.8209829623271425
2.4589102967637704 -0.5588018971805787 0.9518339579403572 1.5492743715890562
-0.6441811014097701 0.28352251215638646 -0.20807362573526317 1.042088096221348
1.133122321181208 0.95194206177125 -0.0625561506683452 0.3266707878780123
-1.0550467370898637 -0.26440969065352715 0.7896441109500786 1.3993672402178772
0.8553785520639064 -0.667238079923491 1.5987551548782943 1.599930600031772
-1.7673776501523533 1.3953519137788415 0.6482387356937396 2.0298477510687114
-0.6376959979420445 -0.30176607234040065 -0.9123116666654137 0.7721397018731653
0.45879815779844013 1.1675305799643652 0.5053320761137158 0.20577504755832257
1.4394974968297929 0.07700705509371297 0.007079226331983581 0.24585145494312366
0.07197822966868345 0.9072187173288202 -1.964516280438812 0.7762515148137967
0.6029615091385974 -0.10315714774837288 0.6717546905999926 0.8053940947127722
0.14486431730436897 0.8064427156599022 1.6945518290945163 0.865086989604029
0.8758426460391966 -0.09108650261895868 -0.03826180172617822 0.131789506837257
1.5172144127119473 0.7538320859416411 -1.0671292821056688 0.10367046197120766
1.5832132558547882 1.1258757147864868 -0.8649668852741983 0.4904572401368117
-0.5041161913544462 -0.41489149028444444 0.7526942408810362 1.1549912953562738
0.7557236366709661 2.420956122797029 -0.4369712090398538 1.1675690690064202
-0.9677669597573905 -0.7719653355789703 -0.2838372588563026 1.183256117288725
0.23476563249452126 -1.3115434994920043 0.38949168371378273 0.8411078577178325
-0.11880004594133385 -1.579619849020779 -0.5187810192841689 0.9606720390786534
-0.4605384614259309 1.117969442300648 -1.0247699620141426 1.0729342074819674
1.2575628633059983 -0.40210233231335263 -0.8568256776418437 0.5865340126062797
-0.20945011837555938 -0.7456464214370349 0.9681765662239387 1.0432647781596098
-0.8178222430448384 0.9610766464758208 -1.5802613164586432 1.3202408800538576
-0.5135708298644484 -0.4700197962185761 -0.1936806612866166 0.8940306668490279
-0.09782120211753784 -2.3174531471014155 -0.6607810340399746 1.5066663364978792
-0.6108480830349388 0.12715995779073602 1.7665940184973634 1.6050084806697422
0.09137520924879834 0.31368500242568104 1.0294745910330843 0.6832336130426206
0.4316494998111505 -1.7649418375485553 -1.1330444656312804 0.7397673188224121
0.8189668686353576 -0.5799758658560455 -0.2421369201233665 0.018101750660915905
0.12026818079767092 1.0474583339985488 0.5803090362532441 0.1357200560944941
0.47224758946426104 1.3773265964923367 -2.7428638538610217 1.4076925013255568
1.1640288788184312 -0.3148303591126618 -0.7824399072856237 0.6036718475029559
-0.6943084328807325 0.7063126505202973 2.155422971369546 1.7193004343088265
-1.2819721449152057 1.5887361101383541 -0.479977308355991 1.8258201823760019
-0.9274534844136233 -0.927512249362799 0.7050311995149118 1.5170780200526914
0.7265156505931997 -0.3704261241424822 0.06360265179627933 0.27213022524838837
-1.079102484592521 -0.17623233189758192 1.1159089157041235 1.729913709963203
1.5120364490541538 -1.1805240899972786 1.1597427778073655 1.5485648974061517
0.14104548295147123 0.028283358364114053 -0.6167280633791353 0.12187720438901328
-0.8200717919198078 0.033573949915032174 -1.0691038641741377 0.9563534054586234
0.1564673855554906 0.28439685014258054 0.14245049871180318 0.6431941437560122
0.14117871092457382 -0.48863370013741864 -1.883457238104653 0.30170274900372807
1.912146886482192 0.35912267659217273 1.4829580161797966 1.2716053537133138
0.9562860447925495 0.05058445915891063 -0.236754966012443 0.04681089737323163
0.4618684207615794 3.640096793712718 -0.19742823366344217 2.169083268542013
-0.16003402749114487 0.566468239915455 0.4317261999094284 0.5896143147687558
1.043432192974095 0.8641439789525965 0.4854600667459223 0.00009694562495932146
0.002507934005043454 0.9811414481665741 1.3167665095502195 0.5976298344385613
1.4521866333326037 -0.15294812079638495 1.1453997558814766 1.1640026947642006
-0.00495426814077637 0.4918161320000932 -0.7178390887984613 0.38512592025682446
0.28114537498342607 0.2198484415303448 -0.744896375969832 0.012159539308622569
-2.2856947265645906 -0.39871865240531995 -0.498010600273992 0.6951702482423703
-0.28057713395364603 1.292153309188603 -0.004058984148063273 0.6842243222762443
-0.4067880566837674 -1.6747857429930146 1.0274467521323343 1.6256570088680402
0.5640058902223227 -1.4182070368429007 0.4990819140720197 1.0032817763563595
-1.6569967503697747 -0.2787882892094369 1.2662930922265894 2.009322486242445
-0.9697785263330735 -0.7572168141694419 1.497318813679916 1.9473154427961619
1.1727363664729236 0.19298909127331654 -0.6251428215928148 0.3275235932393984
-0.4771766538251649 2.2248039015014553 -0.674820948869437 1.5635158626037937
1.1655032226187816 0.318130940805922 0.797578638937789 0.5305846509695569
-0.0796629681449637 -1.0871901964830712 0.1287308901270893 0.7807891819869086
-0.2589597149050592 0.02431503241469033 0.009389156666033382 0.7948665980713929
-1.074049432879546 0.4597495355036246 -1.3395183020956918 1.1431410806346938
0.023009505076686462 -0.2800262565222177 1.9476690987358847 1.6554715799916624
0.8431661110144346 -0.6285137415515013 0.2516684574451974 0.48256928882754746
1.4011817098423611 0.1966856666952909 -0.9369417088462976 0.4098570855732573
-1.2085115248280354 -0.06990614607683371 0.341907333730666 1.0333320228747649
-0.6365663049278025 -0.5428814187513884 2.0777994651531975 2.1872144172218873
-1.4028016901905864 0.06733750485635395 -0.8525414937933045 0.7533808408712173
-0.3830016856861127 -0.6633920844582915 1.2367995574555668 1.3585278689949025
0.28733754942662004 0.4681477245440217 -0.4172533764609462 0.28469290239399925
1.431000586566154 -0.37808973214506064 0.22078273143504512 0.4266440910679634
0.24380194037533223 -0.19543517545807368 0.1832974349279687 0.5742725910692357
-0.9060038016366525 1.5075190829617025 0.2756720445886957 1.217429417216058
-1.0597450654585099 -1.7732296184869167 0.819268218436716 2.0246882441202154
0.4342419655926022 0.3204324825782739 -1.2865813281386584 0.10496730546166866
1.2750388567398285 0.4750864082949935 -0.2889065967255512 0.12256226825567085
1.2774644510038824 0.7772926860280259 -0.5812203881429205 0.17450232516677167
-0.4229101069182556 -0.879541206151455 0.5623337015480775 0.996436701293509
1.1458797118765371 0.24610741851872775 0.042235160387482706 0.2755477933500996
1.355789466777939 1.8321495639377974 0.22388085218994702 0.5595480674380853
1.5323383118941765 0.7276250784275998 -0.18516638311793673 0.43005175878173363
1.085293117521829 -0.05756315704136982 1.138684504746541 0.9424441054204045
0.5037108264978125 -1.9959241878105762 1.4539147273746238 1.961148236731241
-1.7718905770354432 0.15376438329282638 -0.15728211856769125 1.0985193068943007
0.6473265843896745 1.7987570591090385 0.49615845836733274 0.2118389546482934
-1.4295188633977705 1.1091395351161384 -0.48783327975780105 1.5769112033060717
0.06957713211108095 -0.32635639103844083 -0.46679018081651996 0.24015851152519607
0.6337119406449762 0.3424619635770948 0.5741951381149272 0.35316756345168887
-1.7920701996923032 -0.2205308012446729 -1.205437066021951 0.21558746581121438
0.2417262780716658 0.1804505357966533 -1.0427922991845247 0.03505339528107965
0.19671390334983266 -0.6264860830944796 0.09214064962469329 0.4143716387971345
-0.3248905783277408 1.6626715922379665 1.9312567249150356 1.3461003462419323
1.931762663938431 0.23769315254730328 -0.7097024624281415 0.08960601941793178
-0.9522630858876969 -0.13262958828039909 -0.11875657438688532 0.8145417594276781
0.12229804642643687 0.7385339463747934 -1.1375799336171302 0.38622235816077666
-0.8248312415973206 -0.11366496265060068 -0.8823592781082522 0.9604974607064505
0.1336663238409018 1.6769063776457835 -0.35548128860423495 0.7437964015837695
0.7010394861312518 -1.5435017009800325 0.4342581360513878 1.119295918405436
0.25723059405855725 0.6856586229803661 0.023698414857028473 0.37439786643692297
-0.6152627535498283 0.7600840002021547 1.2748470571826127 1.0975988421812513
0.28489863560315426 -0.5592757838476415 1.7309972396745847 1.6286138228343632
0.5046298720102855 0.18597448075329756 0.9248143910421844 0.5954857886630813
-0.8029181788600523 -1.7278304627194032 1.1463728197738372 1.9459542920680268
-0.1825800838340571 0.9013838546444543 0.5825370566067467 0.4629782098849803
-0.93896380710652 1.8240127566122253 0.5384892315382381 1.3230663522539463
-0.09085683278130377 0.3168087069701897 0.573948320693524 0.6917059498303393
2.446440395644003 -1.0154541177768004 1.414287095863292 2.0258010406607196
-0.033909135122424675 0.17294395387268102 0.0690253575371357 0.6994962879726312
0.5543378652665085 -0.20237244944285665 -1.3533947316769614 0.3726770656501508
-0.5585510915037794 -1.0104870938193942 -0.5203373725595126 0.9590390302593415
-1.2062241767054933 0.6144527540282017 -1.5424064750317834 1.169762576141499
0.15307507186839495 -1.8744293839807153 -0.3172051147459892 1.1116285614503718
-0.015320544875670718 -1.9292058109957795 0.8243291908310547 1.5938110689767175
0.2281199733117645 -0.29103751953726337 1.2100924203214225 1.1803031971283413
-1.0733356749338154 0.729831763164116 0.9443089184633875 1.4104791027463917
-0.5837236974955877 0.49169009317575385 1.5705948622287031 1.3126452664419979
-1.1173827839956432 -0.35888449723295 0.7755980599352594 1.3920893220564414
-0.8911772180014255 0.8640532798088805 -0.09357806373738298 1.2865294091768567
0.11691474281237524 -2.26585055075306 0.8588216358701715 1.8926835700135463
2.05890596071468 0.4261596631438455 -0.42982412852192553 0.39584100016867874
-0.5598225713750578 1.6311653443087617 -2.2140710934677648 1.7455856994607648
1.413503000338286 0.3850944240100786 -1.1677241378851473 0.26826101741614017
1.9618334508454698 0.42241975125599807 -0.051009896976448844 0.5576953324551814
-0.8456062177848136 -0.5200417826739786 -0.5603534221821859 1.0661842484806032
0.4391384204308602 -0.10639514622276364 0.0371388678456821 0.3516536392987353
1.0483388948256933 -0.8114040938131503 2.5524985998530143 2.3703548127707244
0.5300028170919804 -1.8960328009281504 -0.6751927913507719 0.8782683875601032
0.06211416786118896 0.9868076849475567 0.29922985020235526 0.25054475679932586
1.499769256091362 0.7368076108826157 0.2000729880755488 0.5161008714691342
1.036420717183546 -0.4799877573446298 -1.0365611752052537 0.6629519972133624
-1.032850605110408 0.7957000480226074 0.1280672578029745 1.3644279485346031
-0.8125322913499822 -0.3347083970341052 0.2634610313350538 0.9746221739046186
-0.5187424267174452 -0.603982947320635 -1.0199718079488598 0.6923253466397292
-0.8583869157952052 1.4278660333829523 0.44690303706253753 1.1353394105765442
0.8580091978649702 -0.8111866488973359 1.557910281429435 1.5709986587932765
-0.24840943865716247 -0.2904094157851192 -0.12100235766954501 0.6938706602574094
0.03250706955904212 0.6511790990596846 0.23617464371525107 0.4342388349508426
1.2782359101313852 -0.1973817800870326 0.733811379888939 0.891813026765305
0.7545566561355507 -1.1402253264641777 0.825837075479123 1.024109711833635
0.5563327995921776 -0.18761465281609968 -0.5881843807700461 0.22597416974183193
0.7904886048280724 -0.015105093828599016 0.19152593491319436 0.3814009861401333
-0.04985046012032206 1.2428305106627027 -1.7258986391443918 0.9833226272428397
-0.5874383388845389 0.14507878062549118 -0.9242137974902721 0.7535170319766658
-0.9010866956846674 -0.7605033322158239 -0.275667458703085 1.1840323572669529
-0.3462674019405918 2.341111672589153 -0.24093095393913755 1.3260893894280184
1.1832941476586871 1.1488883128122993 0.19286911658453781 0.1545979622940451
0.6455459928973951 1.8253484371215603 -0.2518457552035828 0.6057262986640208
-0.010535658546123108 -1.1068575195949124 1.5309548671607447 1.5397636333550668
0.8045751631850419 -1.0838112032008016 0.4817811579065249 0.8559269931770087
-0.3729652327770037 -1.1792473735872913 0.7426582703284855 1.1524378769886294
-0.8864000206302515 1.2742428155590249 -0.8091326222833656 1.518366999279613
0.03803802841787307 0.6391004239130198 -0.3340667160104959 0.584811231655449
-0.2968525773505827 -0.018420292893655193 -0.2518499681227708 0.6685760082797239
1.128713178954361 -0.48208770185911554 0.038866946167221084 0.22088586409499333
-0.19661949759445502 -1.5922835784085363 -0.2640174915237416 1.1082635110719388
0.08162720511393118 1.6634875866040717 0.4614286613144799 0.3621557419510283
-0.399004338968906 -0.23122543841280493 -1.0183711823887274 0.5229765410874503
0.08988173681528297 0.1589701529448042 -1.2977716603706888 0.11476231497579348
-1.8082364554068373 -0.20270029672840564 1.135560385767037 1.9707587444671701
1.4116281871455167 -0.25664561465941704 -0.21215624006339737 0.0011649204096576549
0.6689493346762814 0.22207617137958324 1.9521056731866218 1.2280692960843311
0.9589834045406864 0.5465622004555046 -0.6723036107270922 0.08318665920968316
1.181481807236438 -0.6834623876382822 0.6693311401757283 0.8836865174506756
-0.4650211115104595 -0.1795207861950708 1.4952346052285512 1.5481690078147798
0.3964938975108366 0.9093762927838642 -0.589648682700539 0.44487288208532827
0.02760184294744897 -1.0523963136637873 -0.3667468841356344 0.5820235316814364
-0.40762380015522365 0.25412114641404376 0.4400262564697014 0.9720085180317166
0.6054348057666085 -0.3188594789379432 -0.12030493640666302 0.13822567221413262
0.5879138462210909 -0.2803045816507621 -0.32019411798658326 0.03184739813868265
-1.208343012137392 -0.08017884712913158 1.2792592287680007 1.911812340884784
0.7002819839214824 0.603980996924732 -0.20548067353295374 0.30693771809520887
-1.4706845610338808 0.7408827099571984 -1.5451128457174332 1.1000952557671675
1.020656807516678 0.9458161474866196 0.4016622882026152 0.042335647406690935
-0.5722247777118782 0.3271388483451209 -0.20520152808093348 0.9931805817299011
-0.9444405718191772 -0.5877758705367149 -1.3604501097452695 1.1195951945741551
-1.7775278080641133 0.011075822489788284 0.10695122553658118 1.31107409292815
0.2198398829255676 0.7040352643588176 0.8399912448629806 0.2602324134668842
0.01155646965637735 1.14948729655492 -0.8733125363708644 0.7812698246319052
-0.1008459080781411 1.6229908697799207 1.1211000757734484 0.6434398517272608
0.6244888674860882 -0.06533779244920898 -0.8870850507892566 0.4378695470527283
-0.21569196423445564 2.3205673882085986 0.6522171524035509 1.0449229054662115
0.6744123762887536 -0.21210895361688445 0.6079878314322884 0.8001869070309555
-0.0006725190796262315 -0.2139238227131757 -1.0023661490431308 0.12647461862840026
-0.8452849689430428 2.1248818992339165 2.086519724013084 1.9393813154131985
-0.15617690370119985 -1.3336864278036829 0.06414642282887613 1.0295519688749697
0.9740970240155775 0.8861266052476686 -0.5913190350462038 0.2526304259209209
-0.9628386201819497 -0.4141561607109037 -0.6745131006617581 1.1386637185223794
-1.872109391839718 1.4019012968762963 -0.8979237303187786 1.5853973666780483
0.2207882262110112 0.6720721950619993 1.3897695974467454 0.6244207059728502
0.38361241925328776 1.1354235104190828 0.7916158441633777 0.05360161285464998
1.2971783275441668 -1.1565189229889772 -0.5986109844901683 0.15031905189567207
0.11511321814184645 -0.20602612701135345 0.613523257301397 0.77866572948787
-0.2673665640320447 -0.7403820454659691 -0.9299500986844659 0.5030216132620842
1.31972334634738 1.1656957355850708 -0.13970684665593167 0.4806921416356462
2.652924009209639 0.9792483978240095 1.8964335987982772 1.9313965635432286
0.6933626731581958 0.6156978223411432 -2.6292680620366484 0.8269192433161179
1.6347081107260912 0.5070108372642654 -0.7439081159413736 0.020510456010248257
-0.8985370462741262 -0.9803175139919028 0.43156121761890176 1.4426100028322013
0.07659185643361113 -0.14730560327478626 -0.538992485873494 0.19191200037307232
0.18968537241653263 -1.786785897528662 0.38721660005418085 1.3149387499221927
0.6819014950382225 -0.9785938728264633 -0.7609117795435851 0.017998590178646134
-0.9787478967830667 -1.7844028263475389 -0.7948293548648009 1.6579102270625283
0.2167916969957445 0.8953112500241255 -0.2574623062489147 0.5219607534986961
2.081388314600295 -0.9847196730385139 -1.0511216660934926 0.32821018533731894
-0.08685005241846505 -0.2981680658070277 -0.40440859762164866 0.4030173845897236
-1.6779990756712668 1.1331437697412943 -1.4059458843170725 1.3397973372779493
-0.7293113195757218 1.8825243638031768 -2.098507331342522 1.9804129498015255
-0.7448492807906045 0.5694162533925418 -1.7192997629755815 1.118919151824891
-0.7134164245783802 1.6615832526312508 0.8504527775950567 1.0834135893676549
-0.7195423976136683 1.258990317983966 -1.0388806733431601 1.3615081989427107
0.9627592160012244 -0.5819601988983996 0.6766273978442032 0.8667522231399891
0.9386858759546478 2.103652120259303 -0.5398479780435524 1.024445652738861
0.7871155370336455 -0.33343493507630184 0.9295611145944486 1.045509708620218
-0.8131221221598647 -1.0747305595138577 -0.2978198257723626 1.2756106611174196
-0.02064002395237774 -1.1410816370566825 0.42021397687851797 0.7783182555289062
-0.6125609145958928 -0.2311871500086507 -0.9745132391232829 0.7388375178591402
-0.3511370792914303 -0.6928205689061664 0.5434481414337058 0.8944468325553925
-0.8899719322021765 -0.7124771376971635 0.5259301402567825 1.3143726515007863
-0.7154138466778536 0.7176033340775126 0.1111872653335875 1.08919615316762
-1.3099732259547612 1.1461609795527514 0.4780707530107377 1.5587818993866722
0.011287639344192836 -1.3070273559719405 0.06594989936312014 0.9258592152525797
1.3847460168610588 1.1632450123057951 -0.40112090887101337 0.6127300037108143
-0.5226098615673201 0.35730365660318514 -1.323340759325178 0.7542644518994683
0.9636067637701673 -1.349567208583131 0.6623024533639765 1.1531824849313221
0.4637274863531488 0.5342537354640932 -1.2790822603102572 0.02119542372129224
-1.4662555584608226 0.2482031833985174 0.4804361813214836 1.4247836277401917
0.4873670677791136 0.3975578433954831 -0.3417927544781259 0.17667980517110937
-0.6617567624205085 0.4397270464130277 -0.9683722478465838 0.902453105788801
-1.2119683279611901 0.12928533691963456 0.3041152497413286 1.1343386016028707
-0.39636164785867073 -1.1512729590559228 0.8827212854415196 1.227568796142614
1.8011440651588453 0.4898979447738646 0.607636147678105 0.8348277200746155
0.03549112712053199 0.6205622930671516 1.0891521317585424 0.5507028383862195
2.3356645557935134 -0.2690542955950771 0.5110614938099577 1.095744691622228
1.197670242418865 -0.28611851935778476 -0.4533115366624433 0.2892579277845322
-1.4801951461952203 0.5847104021234062 -0.0852882777800797 1.4450752326331138
-0.2597315414011107 1.700760658507434 0.16258327147434876 0.7243637997785073
-0.4598303377340938 -0.21834017030367872 0.07534691129146802 0.9785192083152481
-0.9657916291591004 0.8588597149818621 0.2372209884512495 1.2659806556928326
-1.0110834478674293 -0.9938508891584003 0.19059798603203496 1.3529669677765295
-0.23691578405627936 0.5827276034557496 -0.8920290984566359 0.5889564728507479
-0.5925284392388855 0.3033307498235618 -0.42809108650929445 0.9130121222514476
0.3808999247123667 -0.5267447765989307 -1.0013088584936538 0.18052495227498822
-1.019489016912609 -1.1983787512811055 1.4450257137081934 2.025509572567984
-0.5561627621633103 -0.331226018144048 -0.8981763446942963 0.6949609043066658
-1.6681666258746621 -0.46488593978621506 0.06074552893411997 1.245968896139816
0.39865043675735057 0.14228923423582465 -0.7301155226648753 0.11027689625854564
0.021003175236968454 -0.7443985444214344 -0.17031676490236108 0.5522874679530512
-1.21256229592519 2.051834881114003 -0.70184303156547 2.008541094025772
0.8225573758546396 1.644287942250141 -1.266737015468392 0.9195431393567164
-0.42652980590978684 0.46335710156630494 -0.5360818333001992 0.7820970375781637
0.6576596276494934 -1.0934730273829096 -0.5453076742198496 0.17743984469596907
0.159801617183525 1.7869304875893632 1.8158248418695035 1.069696698863875
-0.5236556828096364 0.4731884965859757 0.13383866795343732 1.0032650517923059
-0.22771466854157418 -0.8222396204967134 -0.1548720251921219 0.7707076270082129
-0.35258348793487754 -0.14133365645307694 -0.6965787242717008 0.530529724623283
-0.47254595528914706 1.9600379183150076 2.281274182578547 1.7945257638951786
0.6412161655746957 2.3314111445376997 0.001592211473601624 0.8619336773315529
-0.8466620208250907 -0.40278171506173666 -0.31981748347914435 1.0059109631927898
1.0512726529371625 0.6093921134621321 -0.1627678443045528 0.28647785868877573
0.33893548671922225 2.1826159285309608 -0.2388145426817725 0.9048812083068765
-1.6173428179305154 -0.3852281205595524 -1.4296368614136545 0.4526175959712654
-1.9174612269863334 -1.218904100629755 0.9159965107254487 2.179014690214369
0.4401110551888568 0.042621930421884106 1.2228089142342944 0.8650273089253213
0.43448399058851395 -0.2527660293300671 1.3482795193625483 1.17912527088278
1.6371428173067033 -0.31136669357679797 -0.8281749311966389 0.31504191867184816
0.20327452741493868 -0.21621165289717598 -1.0566676526251848 0.08064194578619299
-0.03412474532364524 -0.1589264269335509 0.4021729569562493 0.8068235215214267
-0.17606007339295118 -1.2962554681488168 2.127527723579866 2.1868879519118
0.9484675016129013 -0.14525502002506677 0.8311465231467529 0.8922659224186178
-0.8232702421208719 -0.8484597880709559 0.7987908855365591 1.4414854914856343
0.4379774715071714 0.6312850346422996 -0.23594632071208496 0.4046028350941957
-1.896741510428256 0.06374039564986092 0.5713448031387112 1.6752869758021407
-0.5073265230034733 0.05200871516908431 0.7207359245332238 1.1838335458215472
0.3778891174685466 -0.6066232630852209 -0.33455467843075687 0.15739609853942116
-0.15344673292993294 -0.7467352255535692 -0.2543336048560279 0.6336158036317423
0.6072670275683971 -0.2352671153568882 -1.7295250596451988 0.16466203880979235
-0.6703713015710249 0.3625825865039003 0.40415815559071677 1.1311584362275386
1.9848977960188712 -1.2376719040840871 -1.6894545106230439 0.5525421172421014
0.7840874819537886 -0.40621957620431326 -0.5893781512860308 0.33199112762526317
0.01947889228407522 0.35609066511460136 0.2871752453881123 0.6209644776063736
0.061537901665120354 0.1749782330595221 -0.23250829835293832 0.43145443279286355
-0.11715944242556173 1.1257244037385 0.24348488318926176 0.42062182337849885
-0.42694133049956995 1.261503936213316 1.023081771956568 0.7758702323398126
1.1381632525541656 0.16236677921935933 -0.8393596798999691 0.5000579183192235
-0.0074617537654197005 -0.2110292976932631 0.3610588652315462 0.7431307091564164
-0.09164772594409228 -0.5433075178210133 0.9863924134139721 0.9980573687649275
-0.1838092338018252 0.4443376952092568 -0.6341639316129281 0.5354421381077932
-0.128490973272628 1.882595635104916 -0.6411790410797097 1.178256505479571
-0.7215479541666986 0.2718866541099632 0.1291627484844683 1.2596563279976372
0.649956710730998 -0.10676186275072688 0.021309614564779346 0.24844810209797918
-0.052235080807215034 -0.49104517519272045 0.06022189738155336 0.6474457227448743
-0.17679026238229142 0.34637953240863883 -1.024889247544827 0.41502645427023244
0.17720380154113846 -0.11662099879240559 -0.7027346064487705 0.03096582799634462
-1.202174274234608 0.2041977995243864 1.1271901468186665 1.7458632877699685
0.29805939572023504 -1.2860501535168105 -0.6901796594666919 0.44289123431634403
-1.0400583019053498 -0.563822102045458 -0.9834044091610344 1.0487115754133236
-1.473562818863972 0.5531278883887634 1.3172845885626667 1.9268447872674
-0.5406873329528389 0.9429890983155094 1.1955041601286691 0.9605894199524365
1.820820271722988 -1.3194124811607102 1.5238474792275682 1.9956268730191422
-1.1785574991170322 0.34828960400951725 0.3917745278503025 1.3513250666763401
1.2277395729054112 -0.14805130804148348 -0.4720432360921714 0.3043213413899959
0.6516515153412067 -1.1529435544674607 -0.10282062693200936 0.4885509637059069
0.5375305158643748 -0.6323916175673441 -1.6870932994575718 0.04488339797274654
-0.06116298471407605 0.38438224296545054 0.21618086202744258 0.6731481764592193
-0.5414115031102819 -0.306763338474467 -1.1002485277409 0.6664409755052374
-0.25167025546399124 0.42072364508568094 -0.32790827463388605 0.7018787637376573
-1.876161403267624 2.0995314162774914 0.3252339664590294 2.3053145583116423
1.0002970821928652 -0.053315623491930135 1.5610867958745733 1.1456319179495515
-1.6410875052546103 -2.8720432724458798 -1.6141843136512832 2.6286808770912344
-0.6188886900160474 0.21663974165626002 1.2013758775607004 1.286119439227696
-1.5535821074323604 -0.43535073510419753 -0.23357563642571338 1.0706035053268466
-0.17503408265685733 0.30562398148590586 -2.7548371368280824 1.1851936843993836
1.2772297542863422 -1.539769548625328 -1.1061734386377744 0.4038505298066142
-0.48798103786810504 1.2471961715384727 -0.4387228267606571 1.0974616277220524
-1.3956228733168554 -1.075832350030394 -0.7828266470124431 1.1052765376260292
2.1114550828728147 -1.4544123410669905 -0.20042856167457251 0.9082434094788945
2.1002639288963763 2.731927852095794 -1.22686722379978 2.1604050891601005
-0.1836917803325094 0.6078633664976751 -0.4286789790121892 0.6859523460825854
2.0942239471409203 -1.5404102937620998 0.968987331470845 1.7153146482588333
0.2874684343860094 0.7573960651659285 -1.3673366035349435 0.3174450384851881
-0.52923505764758 -1.5844792424377394 0.9700089710464365 1.603182991668524
0.058455678897458584 2.006476340934465 -0.2560459122352029 0.8941950957337936
-1.3295164655522134 -0.10620899868664989 2.222570875421495 2.459615099249035
0.717564526524249 1.5858153330344325 1.7148373505915477 0.7977086417462989
1.56594894032068 -0.4799403178493473 0.28201617050056316 0.5405315109534203
1.0296878177225963 -0.04540365169524136 0.49601440264760543 0.650588809387914
-0.274542008329334 -0.1515016082581123 0.6028560451638165 1.0238644676386985
-0.02133542352874149 0.0056631747739968995 -0.25586387696640406 0.4443526402074278
-0.5418460414545025 -0.30386740564735965 -0.22792012076227047 0.8853502721861839
0.30376958732626863 1.599965053950787 -0.3760972101491381 0.6562352443674808
-2.505925399462875 0.7724090783245122 0.3681954109070366 1.8437949005182857
0.5208186706056956 0.9700667182115175 -0.038357023370813446 0.1885092174095886
-1.3233002825769098 -0.5188643044451444 0.49239132490199816 1.218931738370013
-1.2098284458452528 1.3071407766606467 -1.6275881832401056 1.7213553575418616
0.3507184641273734 -1.5067536230566405 -1.044117572811466 0.5420838383219779
0.43694933998857927 -0.6447877023579847 -0.1349224492935859 0.28463744432987603
-0.8857952143798339 0.6423119825245688 -0.6479420376663737 1.2280894357916294
-0.9887843328430835 -1.0671931322255415 0.822503821191152 1.6458362537940694
0.11512003028876053 -0.2712847338184412 2.2237005260552856 1.8173205343276606
0.5139980765068407 1.3537872398646718 1.3700682783136517 0.4174310420114815
1.1025422007877792 -1.7129707310514624 0.4607486536314953 1.2204215858297316
1.1942514718338795 -1.3447185971936821 -0.5955540369283467 0.30414507975054983
-1.024994788261646 0.9057733996808801 -0.11372993780137056 1.4110525649597079
-0.27186681561151377 -0.009387576136581612 0.4852532755449773 1.0567458377528804
-0.6782112670862748 1.6515066496331379 0.969307285318006 1.0759389449517618
0.39275918676579447 0.5614293362298264 1.375224418241431 0.6046325318937207
-0.6465752782712315 -0.37709113483016443 0.17945484321227767 1.068686995207044
0.5078325850571128 -0.0690817396402883 0.18818579714591674 0.459195043244625
-0.1249544806835077 0.6030558921711652 -0.39064564830310383 0.6552477526818699
0.8183200254751637 0.45490273521212676 -1.6398829663336325 0.061791720106417314
0.02089238938449785 -0.6668307322370072 0.28590395402355334 0.47482305037693406
-0.00938213426126323 -0.9204945968555445 1.114082770321661 1.1044126379341
0.1374686249912189 -0.3492457098919535 1.1023827941154634 1.072606466369739
-0.7361912964268228 0.26912439560990215 0.591743848626001 1.2291100229944782
0.14504213418880707 0.7438503593702633 -0.4563255004647265 0.5201419019290903
-0.23235565003107087 -0.6945461833516228 0.7734768733072741 0.9127250263830606
0.6858786284477618 -1.0139150809817445 1.0481594898680968 1.0971241629313901
-1.7727579478299096 -1.0523155882195163 0.31352513665020587 1.699492986830938
-0.416747323339899 -0.27384178073806925 0.4307623218192305 1.0228167625166884
0.24162174877341022 -1.0388077551195296 -1.381531244527066 0.2629240678141609
-1.2144806592569133 -0.44940212446012506 -0.4136743258749619 1.075584911895172
-0.5655590289676925 1.1935065903199296 0.44114398501303315 0.8188090502894332
0.5599936365886318 2.042509077873427 0.5795515858863741 0.4623347767543614
-0.839210122919993 -0.17765411288434876 -0.9458525890460825 0.9668833048535419
1.3462658638530547 -0.21961481533360083 0.5577489413713982 0.7268450037406053
0.5709410762871439 -0.02832742853152549 1.380725053607113 0.9915261602245589
0.45511117423845704 0.716733174169979 -0.9497450933550825 0.16524793426051532
-0.25119437903847597 -0.046292067997016254 0.7151008100990145 1.0797503419050378
0.24135076520017731 -0.18262571878920192 -0.8035276799716891 0.06931530810359154
-0.48111359902377643 -0.41115746572751577 0.04576913585374368 0.9891157024965409
2.680632421095762 0.7634548309352472 1.2716823209938741 1.695793941307057
0.8781064853133211 -2.2068893503910987 0.7858064573637487 1.8072707198732851
0.16201942996413365 0.4966853839287618 1.8940868064001462 1.1348213145489543
-0.9605751093294899 -0.30720129794695605 0.7545529950399287 1.3714016383785301
1.2591207652439604 0.07176535185844651 -0.5466549041766032 0.3083878264319554
-1.0920193417587496 0.8357935329475427 -0.685737094530045 1.4690687110173624
-0.9530800317163016 -0.5614456369429279 -2.4933230676331153 1.5357164854649532
-1.0051191259838774 -0.07934223863699555 1.597335964646837 1.892762114586642
0.4598005963069613 1.3755770794739393 -0.27107173565957704 0.43678928164427067
0.8729168674276317 -0.40705419091880873 0.34870694015674497 0.5232225609447867
0.09986154109047805 0.9959643834303897 -0.07672226628459275 0.4284737412701083
-0.4588233431560095 -0.18873525903717797 -0.3829782436113017 0.7387093595824128
-0.3704724930598616 -0.3016597461963415 2.6308394416969025 2.2991058437456457
0.9750201888646733 1.1167478287827697 0.021884925431786804 0.14841577736438794
-1.5283537499687132 2.258911369890976 -0.09383080226498185 2.1224234336195265
0.710288683748216 -0.42504117726435203 1.4052978842029547 1.336144920665522
-2.031017535609471 3.5834007406596995 2.1812733426411124 3.558680349485286
-0.9606721577634564 0.5002220325418547 1.1843641313909605 1.4379123526820223
-1.0725038778790186 -0.09427781831407668 0.22180791695184937 0.893699418764392
1.0465397079005945 -0.948810111646408 0.3958946813723318 0.71927069033184
-1.1038301716203098 1.247402408584687 1.0004582061389147 1.4098529832491513
-0.14378407027686338 -0.19078557622681064 -1.7249394334012598 0.41805584716965827
0.3057157550065732 -1.0276169152758243 1.899808656368287 1.8335192368190443
-0.4049324918652416 1.393671687453117 -1.5493540205155982 1.2698446327887691
1.6718396521084762 -1.2476929743212835 -1.2193070813846896 0.2620189087039655
-1.3941696278898967 0.6106151092272389 -1.8620528422808331 1.1674288779796747
-1.4530941057356221 2.3114070591888445 -1.1566731586657806 2.526394820860269
0.8609050785890019 -1.257597660745642 -0.6396494415403117 0.2198880580813103
-0.47008156525621364 0.7579520245228559 -0.4256374240869335 0.9856629396360783
0.447139017972075 -0.21744149396722268 0.6613778354108649 0.780020857553045
0.9064709489460012 -0.5335079883371914 -0.29776058045766396 0.06929913797648957
-0.6317231560640071 0.039034605935221976 1.835527439272435 1.7034529317572933
-1.5092647734098688 0.06838417235061281 0.08917713947470773 1.1769115676220858
-0.45042306828888073 -0.31011860994410384 2.0182803912841516 1.9131076792209474
0.5601294053625376 0.7277765079442344 -0.2039530655266816 0.4218210812775889
-1.483076387992256 2.3356622648181964 0.36756451981074634 2.0427805008289264
-0.10427190147744232 -0.4624027627544493 -2.4413956366327985 0.8550322421099474
2.559649430375548 -0.6744287449103722 -0.27266011916300037 0.8148942207448668
1.8112528698483965 0.16039079590308525 -0.8623159509711207 0.0947271045129715
-0.6445684256548292 -1.339736409715344 0.2783396226781296 1.3539330905309277
1.867964185059269 0.7687241692533635 0.4471490950716279 0.7845746524339929
-0.5390688883768933 1.4532333388730407 0.9057261796837076 0.8739434307710778
-0.43390491177869456 -0.8938089072849523 1.1157946343368828 1.3200416011422453
-0.6566364103911969 -0.875598062377704 0.02420420111226482 1.2095669090006227
-0.37670950741795095 -2.300433697003919 0.59677992761342 1.983657941588226
0.4395803653541216 0.39837466295443624 -1.2838914564486694 0.0591403089709982
1.0622171312021729 -0.20781617491905807 -0.2075981918006075 0.061102051113310685
1.3200176304883766 1.1449288828004718 -1.5800357384829915 0.5011103253974756
1.5993533172567898 0.4713141850993425 -0.9842494733807479 0.088446963915216
-1.1748145092028972 -0.43122299163865685 -0.42941800104274497 1.0716559366118152
-0.6732587808071206 -1.715085150436784 1.1887229264560035 1.8809208438516434
0.17905654109400526 0.17087470748619557 1.0039194430742933 0.7412038596160164
-0.5433638374410605 -0.998721639427064 -0.32948722390364504 1.007718768107071
-0.3753058805842988 0.9644595931759946 -1.2749388300892706 0.9164148335210833
1.4505641404252934 0.053151743493984056 1.0759176772312529 0.9758481255116791
-0.4160203937132285 0.6555470956572612 0.839222726483088 0.7991629809552989
1.328785400583055 0.13458424659759133 1.1188279297380852 0.8692192815803941
-1.0993282834481124 -0.41730846843205427 0.4436483999134467 1.0775984059297292
-0.8384640315299451 0.6590558202575846 0.019161214342017615 1.2454001806627284
0.247014367571568 0.18087650989500412 -1.326882545178719 0.012622493437802529
-1.6312894286279878 -0.25845434560768066 0.44183117432749935 1.3303408327368458
-0.751535483275414 0.044320241348578815 0.6218995899987071 1.3694055050436647
0.7410310898128127 1.033468656001145 -0.17128331882267336 0.28160580178642325
-0.09412851834320694 -1.245209985967508 0.8023290652731968 1.0575387905550868
0.637403534974825 -0.30352302581898677 0.6789594343633887 0.8052822228456211
0.03231802915666219 1.0515823086738976 1.0889243534987771 0.4111014701706387
-1.3853731414825647 -0.6163922642706756 0.9751203518101573 1.6930654792111695
0.771441001263644 -0.128790228204207 0.03462086374390865 0.22251286778367563
-1.922688652338668 0.41644414447036626 -0.16631171591563432 1.169137833244789
-0.09537520334668308 -0.03265592111753973 -1.343341793951024 0.2545310900362321
-0.1249880886888405 -0.5311533226817661 1.3714138673833745 1.357911056186652
-0.31985783464076323 -0.3853870870278719 0.04469314662586756 0.8590799202567676
2.437601172005258 -0.40331618839288697 0.5990221659354247 1.2362817170709508
1.4226807226232479 0.022457321885676187 -1.148533004800828 0.5313129550381932
-1.7471925914126472 0.01623163073724604 0.13064010771218426 1.3417230004357164
1.1207156873131296 -1.2220951658180994 -0.35089864742498655 0.3149209686811034
0.7777587118464944 -0.9742511151585759 2.3488527007674866 2.3164886313540745
0.23209646797081993 0.17686483329614666 -0.7234573526098573 0.04343637874917283
-0.2308838079729104 -0.5144113779277174 1.3472797087898682 1.3819725087423744
-0.255444529661437 -0.9794923891060286 -2.4528161271262956 1.1005643520481232
-1.5620821804305876 -1.3813420118839448 -2.314095335448287 1.5839798704609938
-0.15941394315744398 -1.5805896073762773 1.0372502140001587 1.4556579913362135
0.04986459573488687 -1.1422931710442863 0.5781452202710962 0.7992976407465359
-0.3690767391727221 0.5877470445290359 0.13454527009273234 0.8218561769036727
-0.03415257272941062 -1.3575661759404272 -0.8193253756453278 0.6737202016337707
1.175023187853829 1.1529781197878584 0.8271518607868189 0.10395968847215953
-1.560691978440224 0.0478342282314579 -1.0047905029011008 0.5525125754010229
-0.2809538356452944 -0.23377341737813398 -0.4711106974211605 0.540576645533619
-0.8513041582767494 -1.2603153757046355 -0.33960249501250117 1.3721394130944746
-0.6127068944127618 0.685238739127212 1.3220944742353156 1.1380556615487352
-0.6938344133570202 -1.1791846548602167 -0.5785773262521331 1.133630456556998
1.1798571271231175 1.0776200569863013 -0.7582275693427915 0.37682191162817347
2.0221422976693324 -0.4495233235468177 -1.415224621269995 0.08195819991979225
-0.38834115185011503 -1.2187692808466375 -0.7086336394097021 0.8713367161472005
0.682863380261362 0.24459016811102616 1.4129303000823108 0.7959259493856075
0.6091602334402544 0.4704946106404164 -0.6921854295925535 0.039878561938714085
0.7934125235871613 1.215130000079669 0.8151605984743817 0.15740354041767163
1.4673212649542853 0.09562932985627834 0.5966299254130035 0.8137220307889288
-0.8060764083680879 0.15305670594382442 0.9402582354216847 1.391606906018685
0.4613514686594367 0.410243144363741 -0.6292699985640641 0.03208998513292549
-0.22994834827370209 1.103036627700658 0.5516426324610133 0.47828060824846075
0.268941418446764 -1.6004575497442313 -0.39786812734778015 0.8078362684930562
0.8197109453294527 0.8451459417806573 1.201089282610748 0.27699508004621154
-0.8004278391784337 0.6309168008944357 0.07141632535994363 1.2035408666993332
-0.0049669606292062135 -0.12728516838088658 0.07910312017654729 0.6458718376016932
-2.5693865345225877 -1.9122383460818382 -0.13397050285543974 1.9863202981558614
0.6324922774931746 0.3108318730799806 -0.6078994924182087 0.11713430974374972
0.45165106483740425 -1.0771453539760933 -0.35129739654737463 0.35648314908203615
-1.2638601411836126 -0.8309185453006752 1.721482519174985 2.319466545479425
-2.378965481095438 -0.15855059406971145 0.3161742969820177 1.491571615453753
0.5405833338724798 0.5096161818755471 -0.6254266270194 0.054486292649159385
-0.46023477010632874 -0.09112827173771529 -0.02398718094283435 0.923306231011283
1.4727658935416408 0.7157884567666798 0.5498416987488264 0.43634819141681747
-1.5402165707942561 -1.2704022338878347 0.799266540291418 1.9730034149148055
0.32911103762796656 -1.1602622858216682 1.2027347018714323 1.221746516479963
0.7766938140471009 -0.42103282645117296 -0.8477328126126236 0.5059000757695069
-1.154075671155478 2.1385623591865826 0.8794039479981197 1.6785748120958168
1.3572029395737693 0.13714841087894478 0.6010402289065567 0.7544482609013512
0.045190498701461856 -0.30501362181497943 1.7630533838534683 1.5482763876413579
0.8946528033969374 0.44244457494362827 -0.16955513453201662 0.19218074790739736
1.1196375114934456 -0.8934248352162054 0.3841381292108528 0.6850549723134693
-1.079982503773013 0.06817698572360888 -0.813583432183158 1.0479061578684348
0.8064218969819786 -1.17327419210762 0.3407556929750654 0.8051984899365232
-0.24498354635083666 -0.14807360261015634 0.028039401656638437 0.7823827386067854
-1.4971775136479193 1.7160884337731477 -0.9219291034327245 1.9639243665978054
0.21456486516951145 1.2275700240503207 0.19920185601787774 0.15318465250761626
-1.4092598421090525 0.10877754669854303 -0.9536025698229996 0.7228690303312049
0.799085780443155 -1.0220202835890406 0.4934301375569899 0.8187980582430494
1.065502358927706 -0.3175329748204088 0.2799990619651518 0.43134056258661646
0.7983996533817811 0.6595658948475742 0.4947232760327308 0.04693811172131973
0.24641465017760397 -0.27574674995888426 0.051663630082848626 0.4659857321443126
0.5514230781684363 1.0456047856746005 1.7270287757617895 0.7408170223398531
-1.7561780813549706 -0.11379286871656005 -0.04175632257899495 1.1576333975893804
0.866994854583943 -0.529324154339827 0.4977631487178013 0.6904533974938007
0.8487425913888699 -0.8790917173113664 -0.07294329425292131 0.29769205702016555
0.14019563172856866 0.3654443557399584 0.16494974567340848 0.580798955502497
0.37619056287407665 0.198706345757487 1.412867412141276 0.868816294895586
-0.5310937311613495 -0.749701024211785 -0.9846782148403634 0.7476261187107822
0.7265033487239559 -0.365157484863426 -0.11830895515992806 0.10018859800020974
0.4033302796819155 -0.45354608423456244 1.1508557745035672 1.0744791146489217
0.868671080283636 -1.0984503341184477 0.9958857549085861 1.1802836596508746
-0.4770208336710288 0.5993602680559971 0.779316710651291 0.8640497159025666
0.7046896845908177 -0.9819677842241417 -0.06074587385544183 0.39793096324946875
0.6342508250922143 -0.2619387527168977 0.699060232766638 0.8410705160520501
0.625340600360192 -0.15770132741692125 1.7864837381619718 1.3461877684579384
0.8730220580187916 0.05339978615887656 -1.4206203993940958 0.493012518676135
-2.0900589213952983 0.41552561478663874 -1.2426930554904907 0.5497407379895349
-0.9133672156005241 -0.6979533527781843 -3.1212262542112112 1.9282202718570953
0.4143060691211182 0.8095694991237544 -0.29794135599342836 0.4960842877420135
0.060406744808383636 1.6586696402099905 -0.5224380450533633 0.9006716152525007
0.7688520083324389 -0.45652298105619515 -0.42235838803893916 0.16809865166669236
-0.3206790155530733 -1.391239269167245 2.0333118589612673 2.1753245853217353
-0.03630346505776415 -0.44613695438690776 0.21856468140803073 0.6009564765877554
-1.672553158282331 0.7515635412853909 -1.0404378070458606 0.9905220130438995
0.7587376448154538 1.525210141599368 1.294572586026304 0.39072223229963654
0.05580121248415038 -0.8378175090167433 1.7943723336906048 1.7194009169397928
-0.7902216683346438 -0.7906267054754995 -0.1296556678740998 1.2010751387042569
0.12104805860335689 -0.03771854954591896 -0.1346915761408296 0.4122042073826624
0.25215934723624633 -0.8115658923790123 0.7548947734252667 0.6745786596381171
-0.7196835783503578 0.08200066516921486 2.4996031634427376 2.183471606644722
-1.0912384648485114 0.7790193001551342 0.8569059035746359 1.4008501996349434
-0.9137579011614256 0.7072716574895888 -0.7050406277662109 1.2681326855888606
0.7774813807266251 1.4005704473086185 -0.48169322027880973 0.6175738737744174
-0.10804563183334788 -0.5903030588766196 0.4085829393596894 0.6267738342765348
1.801255828581574 0.016689663691057392 0.8528279557679109 1.1425368285364168
1.5586769973784949 0.2586104434741927 -0.8005505370143162 0.21827990123823005
0.5855132316129493 -0.31035047950701394 -1.0339657151463444 0.4478882493433368
0.27513567927892185 1.49062060619136 -0.16859963603021555 0.45400678996896304
-1.5016145260364229 0.4953806696798502 0.010788524860366027 1.4672254192675496
-0.9420976421512596 0.35832513374235186 -1.1852905584543598 1.1418077597466623
-0.16746755390812568 1.0039675056464747 -0.5664402870625225 0.8578753767633145
1.4407728658016814 -0.39969718508902735 -0.9729380079020712 0.5136648647722843